The confusion matrix:
  124     0    42   109   105    25    62   467
   16     0     6    13    10     2     9    56
   72     0    91    78   111    57    87   496
   69     0    36   614    85    27    64   895
   77     0    72   133   229    30   112   653
   35     0    39    46    24   238    33   415
   51     0    31   124   121    27   253   607
  444     0   317  1117   685   406   620 

The recalls:
0.2655 0.0000 0.1835 0.6860 0.3507 0.5735 0.4168 

The precisions:
0.2793 0.0000 0.2871 0.5497 0.3343 0.5862 0.4081 

The f1s:
0.2722  nan 0.2239 0.6103 0.3423 0.5798 0.4124 

The crs:
0.8153 0.9844 0.8242 0.7816 0.7548 0.9039 0.7991 

The overall classification rate:
0.4316
