The confusion matrix:
  144     0    61    96    80    19    67   467
    9    10     5    14     7     2     9    56
   73     0   126    78    86    53    80   496
   65     1    42   578    89    28    92   895
   98     0    74   128   206    23   124   653
   30     1    34    34    26   249    41   415
   59     2    41   119   108    23   255   607
  478    14   383  1047   602   397   668 

The recalls:
0.3084 0.1786 0.2540 0.6458 0.3155 0.6000 0.4201 

The precisions:
0.3013 0.7143 0.3290 0.5521 0.3422 0.6272 0.3817 

The f1s:
0.3048 0.2857 0.2867 0.5953 0.3283 0.6133 0.4000 

The crs:
0.8169 0.9861 0.8253 0.7810 0.7651 0.9125 0.7868 

The overall classification rate:
0.4369
