The confusion matrix:
  145     0    63    86    85    15    73   467
   15     3    10    12     7     1     8    56
   75     0   143    63    91    39    85   496
   85     1    55   568    80    16    90   895
   83     0   102   109   207    19   133   653
   28     0    65    30    25   224    43   415
   69     1    42   100   119    18   258   607
  500     5   480   968   614   332   690 

The recalls:
0.3105 0.0536 0.2883 0.6346 0.3170 0.5398 0.4250 

The precisions:
0.2900 0.6000 0.2979 0.5868 0.3371 0.6747 0.3739 

The f1s:
0.2999 0.0984 0.2930 0.6098 0.3268 0.5997 0.3978 

The crs:
0.8114 0.9847 0.8077 0.7974 0.7623 0.9167 0.7824 

The overall classification rate:
0.4313
