The confusion matrix:
  124     1    60   107    87    25    63   467
   10    11     6    14     7     1     7    56
   54     0   141    93    86    44    78   496
   46     2    54   633    69    26    65   895
   73     0    90   145   196    32   117   653
   18     0    43    40    22   256    36   415
   43     2    65   123    86    24   264   607
  368    16   459  1155   553   408   630 

The recalls:
0.2655 0.1964 0.2843 0.7073 0.3002 0.6169 0.4349 

The precisions:
0.3370 0.6875 0.3072 0.5481 0.3544 0.6275 0.4190 

The f1s:
0.2970 0.3056 0.2953 0.6176 0.3250 0.6221 0.4268 

The crs:
0.8364 0.9861 0.8125 0.7816 0.7732 0.9133 0.8025 

The overall classification rate:
0.4528
