The confusion matrix:
138.0   0.0  57.0 114.0  80.0  19.0  59.0 
 10.0   9.0   6.0  16.0   4.0   2.0   9.0 
 67.0   0.0 139.0  98.0  77.0  46.0  69.0 
 51.0   1.0  40.0 633.0  72.0  24.0  74.0 
 79.0   0.0  80.0 148.0 212.0  30.0 104.0 
 23.0   0.0  39.0  45.0  17.0 255.0  36.0 
 57.0   2.0  51.0 138.0  96.0  24.0 239.0 

The recalls:
0.2955 0.1607 0.2802 0.7073 0.3247 0.6145 0.3937 

The precisions:
0.3247 0.7500 0.3374 0.5310 0.3799 0.6375 0.4051 

The f1s:
0.3094 0.2647 0.3062 0.6066 0.3501 0.6258 0.3993 

The crs:
0.8284 0.9861 0.8245 0.7712 0.7807 0.9150 0.7997 

The overall classification rate:
0.4528
