The confusion matrix:
  134     0    42   100   105    20    66   467
   17     0     8    15     6     1     9    56
   69     0   104    83   110    43    87   496
   60     0    41   597    95    25    77   895
   76     0    64   123   246    24   120   653
   26     0    50    48    35   223    33   415
   47     0    37   122   131    21   249   607
  429     0   346  1088   728   357   641 

The recalls:
0.2869 0.0000 0.2097 0.6670 0.3767 0.5373 0.4102 

The precisions:
0.3124 0.0000 0.3006 0.5487 0.3379 0.6246 0.3885 

The f1s:
0.2991  nan 0.2470 0.6021 0.3563 0.5777 0.3990 

The crs:
0.8250 0.9844 0.8233 0.7802 0.7523 0.9092 0.7910 

The overall classification rate:
0.4327
