The confusion matrix:
  133     1    58    98    79    31    67   467
   12    13     4    12     6     3     6    56
   62     2   134    81    91    46    80   496
   55     1    43   591    83    37    85   895
   84     0    82   114   216    31   126   653
   23     0    34    38    20   264    36   415
   53     0    50   113   106    24   261   607
  422    17   405  1047   601   436   661 

The recalls:
0.2848 0.2321 0.2702 0.6603 0.3308 0.6361 0.4300 

The precisions:
0.3152 0.7647 0.3309 0.5645 0.3594 0.6055 0.3949 

The f1s:
0.2992 0.3562 0.2974 0.6087 0.3445 0.6204 0.4117 

The crs:
0.8264 0.9869 0.8236 0.7882 0.7710 0.9100 0.7921 

The overall classification rate:
0.4492
