The confusion matrix:
107.0   0.0  50.0 119.0  81.0  27.0  83.0 
 12.0   0.0   7.0  18.0  10.0   1.0   8.0 
 55.0   0.0 100.0 101.0  83.0  55.0 102.0 
 48.0   0.0  34.0 630.0  66.0  31.0  86.0 
 70.0   0.0  81.0 141.0 202.0  29.0 130.0 
 23.0   0.0  50.0  52.0  21.0 227.0  42.0 
 40.0   0.0  35.0 138.0 105.0  26.0 263.0 

The recalls:
0.2291 0.0000 0.2016 0.7039 0.3093 0.5470 0.4333 

The precisions:
0.3014 0.0000 0.2801 0.5254 0.3556 0.5732 0.3683 

The f1s:
0.2603  nan 0.2345 0.6017 0.3309 0.5598 0.3982 

The crs:
0.8306 0.9844 0.8181 0.7676 0.7724 0.9005 0.7785 

The overall classification rate:
0.4260
