The confusion matrix:
  140     0    53   107    74    24    69   467
   10     9     4    17     7     1     8    56
   56     1   139    88    80    47    85   496
   51     1    43   610    75    35    80   895
   76     0    70   138   217    28   124   653
   22     0    31    42    20   258    42   415
   51     2    46   115   104    25   264   607
  406    13   386  1117   577   418   672 

The recalls:
0.2998 0.1607 0.2802 0.6816 0.3323 0.6217 0.4349 

The precisions:
0.3448 0.6923 0.3601 0.5461 0.3761 0.6172 0.3929 

The f1s:
0.3207 0.2609 0.3152 0.6064 0.3528 0.6194 0.4128 

The crs:
0.8348 0.9858 0.8317 0.7793 0.7782 0.9117 0.7907 

The overall classification rate:
0.4561
