The confusion matrix:
  112     0    33   119   100    24    79   467
   12     0     4    16    13     0    11    56
   54     0    72    94   126    55    95   496
   46     0    20   627    99    25    78   895
   62     0    51   148   244    18   130   653
   20     0    30    45    40   235    45   415
   44     0    24   135   137    26   241   607
  350     0   234  1184   759   383   679 

The recalls:
0.2398 0.0000 0.1452 0.7006 0.3737 0.5663 0.3970 

The precisions:
0.3200 0.0000 0.3077 0.5296 0.3215 0.6136 0.3549 

The f1s:
0.2742  nan 0.1973 0.6032 0.3456 0.5890 0.3748 

The crs:
0.8348 0.9844 0.8367 0.7701 0.7425 0.9086 0.7760 

The overall classification rate:
0.4266
