The confusion matrix:
  146     1    58    96    81    26    59   467
   10    12     3    14     9     1     7    56
   65     1   122    79    97    59    73   496
   61     1    41   602    79    29    82   895
   90     0    69   124   231    25   114   653
   22     0    34    37    20   262    40   415
   64     2    51   116   104    33   237   607
  458    17   378  1068   621   435   612 

The recalls:
0.3126 0.2143 0.2460 0.6726 0.3538 0.6313 0.3904 

The precisions:
0.3188 0.7059 0.3228 0.5637 0.3720 0.6023 0.3873 

The f1s:
0.3157 0.3288 0.2792 0.6133 0.3626 0.6165 0.3888 

The crs:
0.8236 0.9863 0.8245 0.7885 0.7738 0.9092 0.7924 

The overall classification rate:
0.4492
