The confusion matrix:
  140     0    52    96    76    29    74   467
    9    10     4    14     8     2     9    56
   63     0   140    68    89    61    75   496
   58     1    53   598    78    33    74   895
   84     0    72   115   208    34   140   653
   28     0    36    33    14   260    44   415
   55     2    58   106   114    26   246   607
  437    13   415  1030   587   445   662 

The recalls:
0.2998 0.1786 0.2823 0.6682 0.3185 0.6265 0.4053 

The precisions:
0.3204 0.7692 0.3373 0.5806 0.3543 0.5843 0.3716 

The f1s:
0.3097 0.2899 0.3074 0.6213 0.3355 0.6047 0.3877 

The crs:
0.8261 0.9863 0.8242 0.7969 0.7704 0.9053 0.7835 

The overall classification rate:
0.4464
