The confusion matrix:
  132     0    42   108    99    25    61   467
   11     2     5    19    10     1     8    56
   74     0    91    93   104    54    80   496
   66     0    32   622    84    34    57   895
   91     0    63   132   223    32   112   653
   24     0    38    48    23   246    36   415
   52     0    39   128   130    32   226   607
  450     2   310  1150   673   424   580 

The recalls:
0.2827 0.0357 0.1835 0.6950 0.3415 0.5928 0.3723 

The precisions:
0.2933 1.0000 0.2935 0.5409 0.3314 0.5802 0.3897 

The f1s:
0.2879 0.0690 0.2258 0.6083 0.3363 0.5864 0.3808 

The crs:
0.8181 0.9850 0.8261 0.7768 0.7548 0.9033 0.7952 

The overall classification rate:
0.4296
