The confusion matrix:
  125     0    62    96    93    24    67   467
    8     4     5    14    12     2    11    56
   55     0   132    58   116    52    83   496
   60     0    57   577    96    32    73   895
   89     0    79   102   247    19   117   653
   21     0    40    38    28   250    38   415
   52     1    51   115   114    27   247   607
  410     5   426  1000   706   406   636 

The recalls:
0.2677 0.0714 0.2661 0.6447 0.3783 0.6024 0.4069 

The precisions:
0.3049 0.8000 0.3099 0.5770 0.3499 0.6158 0.3884 

The f1s:
0.2851 0.1311 0.2863 0.6090 0.3635 0.6090 0.3974 

The crs:
0.8253 0.9852 0.8167 0.7935 0.7590 0.9106 0.7913 

The overall classification rate:
0.4408
